epoch:0 0.0000  0.0000  0.0000  -1.0000  0.0000  0.0000  0.0000  0.0000  0.0000  -1.0000  0.0000  0.0000  0.9533  0.005000
epoch:1 0.0046  0.0170  0.0000  -1.0000  0.0000  0.0068  0.0000  0.1458  0.1583  -1.0000  0.0000  0.1833  0.2728  0.004090
epoch:2 0.0027  0.0129  0.0000  -1.0000  0.0000  0.0040  0.0000  0.0375  0.0375  -1.0000  0.0000  0.0500  0.2083  0.003157
epoch:3 0.0206  0.0798  0.0000  -1.0000  0.0000  0.0237  0.0667  0.1875  0.1875  -1.0000  0.0000  0.2000  0.1892  0.002192
epoch:4 0.0226  0.0566  0.0000  -1.0000  0.0000  0.0294  0.0500  0.1750  0.2000  -1.0000  0.0000  0.2500  0.1812  0.001175
epoch:5 0.0318  0.1742  0.0000  -1.0000  0.0000  0.0377  0.0125  0.1292  0.1292  -1.0000  0.0000  0.1500  0.1871  0.000000
epoch:0 0.0000  0.0000  0.0000  -1.0000  0.0000  0.0000  0.0000  0.0000  0.0000  -1.0000  0.0000  0.0000  0.8685  0.005000
epoch:1 0.0105  0.1010  0.0000  -1.0000  0.0000  0.0173  0.0125  0.0375  0.0375  -1.0000  0.0000  0.0500  0.2732  0.004090
epoch:2 0.0035  0.0290  0.0000  -1.0000  0.0000  0.0057  0.0000  0.0125  0.0625  -1.0000  0.0000  0.0667  0.2308  0.003157
epoch:3 0.0058  0.0137  0.0000  -1.0000  0.0333  0.0070  0.0000  0.1000  0.1000  -1.0000  0.3000  0.0833  0.1975  0.002192
epoch:4 0.0154  0.0681  0.0000  -1.0000  0.0000  0.0285  0.0000  0.0708  0.0708  -1.0000  0.0000  0.0833  0.1868  0.001175
epoch:5 0.1000  0.2153  0.0062  -1.0000  0.0000  0.1103  0.1000  0.2458  0.2458  -1.0000  0.0000  0.2667  0.1674  0.000000
epoch:0 0.0000  0.0000  0.0000  -1.0000  0.0000  0.0000  0.0000  0.0000  0.0000  -1.0000  0.0000  0.0000  0.8850  0.005000
epoch:1 0.0043  0.0267  0.0000  -1.0000  0.0000  0.0087  0.0000  0.0500  0.1500  -1.0000  0.0000  0.1833  0.2436  0.004090
epoch:2 0.0299  0.0836  0.0000  -1.0000  0.0000  0.0493  0.1000  0.1875  0.1875  -1.0000  0.0000  0.2167  0.2209  0.003157
epoch:3 0.0338  0.1300  0.0000  -1.0000  0.0000  0.0578  0.1667  0.1667  0.1667  -1.0000  0.0000  0.1833  0.1898  0.002192
epoch:4 0.0091  0.0463  0.0000  -1.0000  0.0100  0.0113  0.0125  0.1208  0.1333  -1.0000  0.1000  0.1333  0.1882  0.001175
epoch:5 0.0206  0.0543  0.0089  -1.0000  0.0000  0.0242  0.0625  0.2125  0.2375  -1.0000  0.0000  0.2667  0.1974  0.000000
epoch:0 0.0000  0.0000  0.0000  -1.0000  0.0000  0.0000  0.0000  0.0000  0.0000  -1.0000  0.0000  0.0000  0.7826  0.005000
epoch:1 0.0163  0.0756  0.0000  -1.0000  0.0054  0.0294  0.0000  0.1333  0.1958  -1.0000  0.2000  0.2000  0.2975  0.004090
epoch:2 0.0132  0.1066  0.0000  -1.0000  0.0000  0.0155  0.0167  0.1167  0.1167  -1.0000  0.0000  0.1333  0.2223  0.003157
epoch:3 0.0470  0.1239  0.0429  -1.0000  0.0000  0.0774  0.0000  0.2208  0.2208  -1.0000  0.0000  0.2500  0.2051  0.002192
epoch:4 0.0218  0.1131  0.0152  -1.0000  0.1333  0.0291  0.1125  0.2375  0.2375  -1.0000  0.8000  0.1500  0.1739  0.001175
epoch:5 0.0026  0.0150  0.0000  -1.0000  0.0000  0.0034  0.0000  0.0833  0.0833  -1.0000  0.0000  0.0833  0.1777  0.000000
epoch:0 0.0000  0.0000  0.0000  -1.0000  0.0000  0.0000  0.0000  0.0000  0.0000  -1.0000  0.0000  0.0000  0.8761  0.005000
epoch:1 0.0196  0.1373  0.0000  -1.0000  0.0000  0.0378  0.0125  0.0833  0.0833  -1.0000  0.0000  0.1000  0.2494  0.004090
epoch:2 0.0113  0.0553  0.0000  -1.0000  0.0000  0.0155  0.0667  0.1750  0.1875  -1.0000  0.0000  0.2000  0.2507  0.003157
epoch:3 0.0374  0.1606  0.0000  -1.0000  0.1333  0.0456  0.0250  0.2083  0.2750  -1.0000  0.5000  0.2333  0.1980  0.002192
epoch:4 0.0058  0.0307  0.0000  -1.0000  0.0000  0.0086  0.0000  0.0667  0.0667  -1.0000  0.0000  0.0833  0.1870  0.001175
epoch:5 0.0040  0.0401  0.0000  -1.0000  0.0000  0.0079  0.0000  0.0417  0.0417  -1.0000  0.0000  0.0500  0.2064  0.000000
epoch:0 0.0000  0.0000  0.0000  -1.0000  0.0000  0.0000  0.0000  0.0000  0.0000  -1.0000  0.0000  0.0000  0.8674  0.005000
epoch:1 0.0171  0.0423  0.0215  -1.0000  0.0000  0.1257  0.0875  0.1125  0.1125  -1.0000  0.0000  0.1500  0.2639  0.004090
epoch:2 0.0057  0.0530  0.0000  -1.0000  0.0000  0.0071  0.0000  0.0583  0.0583  -1.0000  0.0000  0.0667  0.2148  0.003157
epoch:3 0.0748  0.2024  0.0107  -1.0000  0.0000  0.0853  0.0917  0.3250  0.3250  -1.0000  0.0000  0.3667  0.1773  0.002192
epoch:4 0.0129  0.0663  0.0000  -1.0000  0.0000  0.0169  0.0167  0.1542  0.1542  -1.0000  0.0000  0.1833  0.1925  0.001175
epoch:5 0.0030  0.0200  0.0000  -1.0000  0.0000  0.0048  0.0000  0.0417  0.0792  -1.0000  0.0000  0.1000  0.1754  0.000000
